54.8
54.916
54.8
55.204
55.186
55.406
55.486
55.944
56.034
56.076
56.23
56.246
56.446
56.66
56.894
56.966
57.118
57.13
57.502
57.336
57.428
57.728
57.838
57.96
57.972
58.034
58.322
58.306
58.606
58.614
58.576
59.006
58.736
59.234
59.228
58.922
59.486
59.186
59.4
59.45
59.992
59.648
59.846
59.72
60.05
59.868
59.854
59.978
60.512
60.514
67.966
70.8
71.804
72.704
73.122
73.894
74.212
74.766
75.27
75.752
75.786
76.388
76.876
77.258
77.624
77.84
78.094
78.312
78.62
78.74
79.378
79.536
79.714
79.9
80.182
80.38
80.45
80.918
80.954
81.178
81.48
81.452
81.934
81.806
81.96
82.132
82.338
82.548
82.502
82.91
82.88
82.932
83.07
83.088
83.196
83.33
83.59
83.566
83.904
83.894
