223.91068190336227
225.1658730506897
224.30926775932312
222.75790697336197
221.46439880132675
220.166566491127
219.7559493780136
217.83567243814468
217.24250519275665
216.05553251504898
215.26703095436096
214.63919043540955
214.08018690347672
212.65660685300827
211.01337093114853
210.60309505462646
210.7105479836464
209.25074404478073
207.93986624479294
207.83922654390335
207.7393233180046
205.79007369279861
204.4021993279457
204.12188929319382
204.0047109723091
202.98054045438766
202.68074041604996
201.5383272767067
199.9570044875145
200.94970268011093
200.43605595827103
198.43029075860977
198.18341255187988
197.7613041996956
197.3640981912613
197.53847640752792
195.5378993153572
196.68079310655594
194.38194125890732
194.64863646030426
193.10162550210953
192.83326172828674
194.05350679159164
192.5524761080742
191.50007665157318
191.2890430688858
191.74735337495804
190.50673389434814
189.73471236228943
188.2443722486496
152.4399139881134
137.3728301525116
130.9802577495575
126.22090816497803
123.55922567844391
119.76504591107368
117.39986339211464
114.85325893759727
112.11842212080956
109.87443217635155
108.44224140048027
105.88600099086761
104.32934439182281
102.7009506225586
101.33947688341141
99.54454880952835
97.97603502869606
96.83647653460503
95.51917850971222
94.63242733478546
92.55837491154671
91.80100372433662
90.18995514512062
89.52172666788101
88.46071752905846
87.52092510461807
86.6275908946991
85.27979052066803
83.89824873209
83.45734336972237
82.58647513389587
82.14314949512482
81.12732297182083
80.70276352763176
79.2917078435421
78.94387429952621
77.73172962665558
77.47526150941849
77.08490467071533
75.73193380236626
75.6683766245842
75.14140063524246
75.43552541732788
75.22994950413704
74.36925879120827
73.92357793450356
73.24047806859016
73.24958714842796
71.1913411617279
71.71181753277779
