134.08500397205353
117.6886460185051
110.81291854381561
105.93703907728195
102.39149084687233
98.52476391196251
96.13375324010849
93.42311629652977
90.9637260735035
88.15775495767593
86.50621709227562
84.14834821224213
82.45483514666557
80.55103781819344
78.68884283304214
76.77264380455017
75.54230391979218
73.98996177315712
73.14141464233398
71.17782908678055
69.99210062623024
68.63656668365002
66.76573076844215
65.70112618803978
64.89841513335705
62.99636831879616
63.74546214938164
61.93530124425888
61.129597797989845
60.33819057047367
59.548460990190506
58.007783979177475
57.727868780493736
57.28113742172718
55.85598832368851
56.27832846343517
55.29407477378845
55.907798781991005
54.13591691851616
53.53004392981529
53.43474891781807
52.760892897844315
52.085564732551575
51.391408517956734
50.66024085879326
49.9410534799099
50.53583988547325
49.677313432097435
49.71458224952221
49.76066364347935
