-5.231900701767359
-5.615176944243602
-5.903705562689366
-6.122841610052647
-6.323018817412548
-6.46242926181891
-6.614659465887608
-6.758495925023006
-6.89695839759631
-7.007111664307423
-7.129969511276636
-7.233669085380359
-7.332619202442658
-7.4633613170721596
-7.54181381616837
-7.645069239689754
-7.719907200642121
-7.811117678422194
-7.854262540279291
-7.975099595387777
-8.023357934218186
-8.110926623222156
-8.210031093695225
-8.265491514939528
-8.342043798397748
-8.404362815465683
-8.443620204925537
-8.492719943706806
-8.553556735698994
-8.616222088153545
-8.687523039793357
-8.727092566856971
-8.800594075520833
-8.82753663674379
-8.857654312329414
-8.897055273789626
-8.969179402864896
-8.981350390116374
-9.038812784048227
-9.034675950270433
-9.110203175667005
-9.153218171535395
-9.193756220890926
-9.207334347260304
-9.242233868134328
-9.292744563176083
-9.277457193227916
-9.267162856077537
-9.294578625605656
-9.318631211305275
