213.27979803085327
213.52673691511154
212.44842714071274
211.4397173523903
209.8374466896057
208.50546503067017
207.1157978773117
207.4871767759323
206.19761794805527
204.67056721448898
204.49374783039093
202.76277047395706
202.29630321264267
200.3728237748146
200.09240752458572
199.33791649341583
197.6481693983078
196.6922641992569
197.1248596906662
195.14249819517136
193.79998183250427
193.46425014734268
194.49906146526337
192.6375448703766
190.30827194452286
190.45446544885635
189.82372802495956
188.97990840673447
188.70452988147736
187.42768067121506
186.32961004972458
186.32389515638351
185.29211628437042
184.49771213531494
185.1409166455269
184.5579036474228
182.44925493001938
182.15747547149658
182.45739513635635
179.7438582777977
180.7654520869255
179.82959920167923
178.8425744175911
178.0992105603218
177.46280241012573
177.708939909935
176.89337140321732
176.48445504903793
176.24902552366257
174.92050737142563
