-3.830985667155339
-3.844864801260141
-3.898024442868355
-3.914106254088573
-3.912005611566397
-3.9727272828420004
-4.0015586351737
-3.949275930111225
-4.039243503717276
-4.0436217430310375
-4.0755694572742165
-4.073341616606101
-4.124862983899239
-4.163991222626124
-4.170001824696858
-4.174215966004592
-4.229431006847284
-4.213865016056941
-4.239906491988744
-4.287724969325922
-4.333065174787473
-4.3495841613182655
-4.3542133783682795
-4.360848822960487
-4.394796288319123
-4.413344329442733
-4.443008383726462
-4.460806988447141
-4.472823707874005
-4.474310053311862
-4.489758188296587
-4.498524873684614
-4.543936432324923
-4.479709380712265
-4.579740634331336
-4.5643676024216875
-4.610767760643593
-4.587506406735152
-4.554319831652519
-4.6414505811838005
-4.6223914977831715
-4.664013182811248
-4.692625918755165
-4.703754945901724
-4.732468323829846
-4.732679922152788
-4.6873050909775955
-4.771492701310378
-4.736150369888697
-4.785973145411565
