236.3631021976471
212.60676884651184
203.85713493824005
197.8322809934616
193.55100119113922
189.3446513414383
185.91099739074707
182.46209740638733
178.87576401233673
175.14820051193237
171.12365746498108
168.1594511270523
164.95200860500336
161.96367919445038
159.6827266216278
156.7693271636963
154.4580956697464
152.67313981056213
150.50209879875183
148.9675009250641
146.47766542434692
144.97933185100555
143.32101583480835
142.21443891525269
140.20442295074463
138.32439148426056
137.53801834583282
136.4560706615448
134.74653780460358
134.20478641986847
132.61521172523499
131.2341352701187
130.47324538230896
128.6153643131256
127.937912940979
127.16414546966553
126.40382993221283
126.13042545318604
124.282705783844
124.32640433311462
123.12238705158234
122.46729457378387
121.35094690322876
121.25486636161804
120.58467364311218
120.03030562400818
118.87554168701172
118.2240846157074
117.84472811222076
117.06929767131805
116.28397357463837
114.99164354801178
115.17310857772827
114.18720424175262
113.85435974597931
113.2547607421875
112.54393649101257
112.03248691558838
111.45868575572968
110.5578533411026
110.65793597698212
110.29223680496216
109.96753376722336
109.41152560710907
108.26090985536575
108.48203420639038
107.25134354829788
106.37049782276154
106.29718911647797
106.2569215297699
105.33158242702484
105.96661275625229
105.25188046693802
103.94638055562973
103.5432665348053
103.75181949138641
103.72790282964706
103.03460747003555
102.31600397825241
102.6418839097023
100.76742655038834
100.91063916683197
101.40327233076096
100.82305651903152
100.02626138925552
100.54557234048843
100.64057636260986
99.9852842092514
98.93839013576508
99.37443220615387
99.15388107299805
97.90818202495575
98.21638065576553
97.6241095662117
97.5168753862381
96.56888020038605
96.29308009147644
97.09565263986588
96.57071334123611
95.68375259637833
85.59046792984009
79.96270596981049
77.30635297298431
75.53605765104294
73.99823486804962
72.88142967224121
71.89930099248886
71.19302028417587
70.40497326850891
69.9261656999588
69.1369372010231
68.55906867980957
68.06123560667038
67.40809780359268
66.93297171592712
66.51015371084213
66.0231539607048
65.50452148914337
65.33692336082458
65.01779890060425
64.62857758998871
64.22935479879379
63.8142226934433
63.70025056600571
63.26343876123428
62.93392473459244
62.636706590652466
62.260904133319855
62.14320087432861
61.96586447954178
61.362535536289215
61.34357559680939
61.24106842279434
60.67681181430817
60.381207287311554
60.218090772628784
59.79047244787216
59.764741241931915
59.368133664131165
59.24431312084198
59.12074548006058
58.95644170045853
58.576237976551056
58.364296317100525
58.16926050186157
57.91675281524658
57.83376771211624
57.66833558678627
57.57503354549408
57.12581694126129
