15.008
20.616
23.418
26.006
26.732
28.446
29.622
30.888
32.398
33.63
35.278
36.188
37.288
38.358
39.408
40.136
40.954
41.95
42.52
43.222
43.862
44.65
45.178
45.574
46.308
47.104
47.24
47.512
48.026
48.312
48.92
49.412
49.636
50.106
50.082
50.604
51.042
51.024
51.682
51.574
52.092
52.224
52.612
52.424
52.824
52.902
53.334
53.534
53.488
53.79
54.046
54.746
54.794
54.878
54.874
54.958
55.346
55.36
55.322
55.94
55.704
55.838
56.002
56.322
56.688
56.66
56.838
57.06
57.326
57.104
57.568
57.474
57.502
58.096
58.0
58.108
58.044
58.284
58.174
58.224
58.976
58.702
58.72
58.942
59.264
59.054
58.926
59.306
59.51
59.206
59.272
59.662
59.658
59.944
59.862
60.35
60.242
59.902
60.1
60.656
65.514
67.96
68.642
69.306
69.766
70.052
70.584
70.5
70.738
70.93
71.162
71.416
71.612
71.79
71.95
71.938
72.24
72.394
72.33
72.47
72.628
72.79
72.758
72.92
73.09
73.206
73.386
73.332
73.4
73.24
73.81
73.714
73.654
73.906
74.018
74.118
74.282
74.212
74.52
74.468
74.398
74.724
74.714
74.81
74.98
75.074
75.18
75.166
75.038
75.398
