238.09231567382812
206.09038043022156
195.69495451450348
189.50652515888214
185.3647676706314
181.63842225074768
177.56886041164398
173.70829117298126
169.68213891983032
165.93199491500854
162.99360966682434
160.37043380737305
157.5825618505478
154.8910129070282
151.88988375663757
150.1728959083557
147.9159345626831
146.34398114681244
143.862779378891
142.08257484436035
140.21580910682678
138.8002406358719
137.42738676071167
134.94184637069702
133.99653589725494
132.95873928070068
131.54197311401367
130.69524025917053
128.7990381717682
128.5826896429062
127.24962615966797
125.8670642375946
124.69237494468689
124.22024762630463
122.75353908538818
122.18440330028534
121.25613021850586
120.63565647602081
119.32426488399506
118.91146528720856
118.59838783740997
117.26930141448975
116.230344414711
116.48697936534882
115.47936975955963
114.65478193759918
114.88522553443909
113.36227333545685
112.76965999603271
112.23818218708038
111.48223423957825
111.43480437994003
110.00307643413544
109.97607004642487
109.26945859193802
108.53032910823822
108.60955077409744
107.52596408128738
106.71372646093369
106.97256261110306
105.24499547481537
106.01632565259933
105.48026871681213
103.31051748991013
104.5013981461525
102.85273671150208
103.41184598207474
102.73163086175919
102.5512610077858
101.74007833003998
101.42821669578552
101.46190303564072
100.3452678322792
99.91781502962112
99.38932996988297
99.00252711772919
98.95720154047012
98.389528632164
98.26460230350494
98.87840563058853
98.24526160955429
97.3218520283699
96.86361581087112
96.30819398164749
96.47388607263565
96.64134114980698
95.51279819011688
95.73108226060867
94.75621443986893
94.9244738817215
95.06720894575119
94.52355599403381
93.94763123989105
94.28381633758545
93.48678231239319
92.49121350049973
93.99413704872131
92.26176327466965
92.02440410852432
92.13021463155746
92.44810557365417
73.36624836921692
64.49415653944016
61.23718726634979
58.91092658042908
56.78481903672218
55.42093998193741
54.15443101525307
52.82204321026802
51.60034900903702
50.40015786886215
49.53879642486572
48.52521342039108
47.83456999063492
46.90407568216324
46.241801142692566
45.373459458351135
44.42095372080803
44.09477752447128
43.385726392269135
43.16419726610184
41.9266417324543
41.90525558590889
41.08561807870865
40.938306361436844
40.418956726789474
40.02920290827751
39.543994933366776
38.79773110151291
38.8259037733078
38.79364365339279
38.18130159378052
37.84048002958298
37.390748739242554
37.679101407527924
36.89406701922417
36.255658715963364
36.293919771909714
36.17926687002182
35.59588876366615
36.16880401968956
35.58076351881027
35.63884162902832
35.079427152872086
34.82442730665207
34.92555296421051
34.36709922552109
33.87061068415642
33.51274135708809
33.558146208524704
