12.508
19.892
23.31
25.026
26.372
27.734
29.136
30.44
32.09
33.452
34.104
35.066
36.27
37.182
38.156
38.896
39.698
40.28
41.35
42.056
42.392
43.218
43.71
44.692
45.304
45.284
45.916
46.518
46.988
47.192
47.7
47.98
48.304
48.37
48.896
49.088
49.736
49.824
50.026
50.13
50.28
50.838
50.95
51.05
51.212
51.56
51.406
52.08
52.246
52.428
52.396
52.68
53.15
53.154
53.176
53.476
53.494
53.616
53.698
53.866
54.388
54.45
54.346
55.118
54.698
55.284
54.982
55.328
55.298
55.468
55.516
55.416
55.986
56.194
56.45
56.598
56.856
56.686
56.76
56.506
56.748
56.966
56.924
57.206
57.262
57.048
57.478
57.676
57.888
57.662
57.788
57.776
58.166
58.28
58.314
58.564
57.988
58.59
58.698
58.678
58.446
66.562
69.96
71.198
72.088
73.152
73.684
74.144
74.756
75.338
75.662
76.162
76.498
76.906
77.462
77.694
77.836
78.708
78.73
79.116
79.282
79.81
79.718
80.296
80.172
80.732
80.858
80.988
81.55
81.516
81.348
81.802
81.826
82.248
81.934
82.45
82.948
82.62
82.95
83.078
82.832
82.86
83.134
83.44
83.384
83.622
83.786
84.16
84.25
84.164
