0.6714250445365906
0.5198602676391602
0.5445548295974731
0.5322350263595581
0.5254166722297668
0.5141294598579407
0.5004014372825623
0.483633816242218
0.4623163342475891
0.437808632850647
0.4182884097099304
0.3986893892288208
0.37334781885147095
0.34695208072662354
0.32096201181411743
0.29676786065101624
0.2729336619377136
0.25636038184165955
0.22129477560520172
0.19969028234481812
0.16941708326339722
0.1526796966791153
0.12241359800100327
0.09208635240793228
0.07153510302305222
0.06090090051293373
0.02832782082259655
0.017776869237422943
-0.01579844392836094
-0.022149009630084038
-0.043591152876615524
-0.06785442680120468
-0.08303378522396088
-0.0994400605559349
-0.12283072620630264
-0.1319669783115387
-0.1508387327194214
-0.17094777524471283
-0.1813969612121582
-0.18886277079582214
-0.2065645009279251
-0.2281266152858734
-0.24898777902126312
-0.2502502202987671
-0.2614913880825043
-0.2750971019268036
-0.2756255567073822
-0.30263152718544006
-0.3164680004119873
-0.3295682966709137
-0.3405410051345825
-0.33692771196365356
-0.37837767601013184
-0.37435391545295715
-0.39044421911239624
-0.3914708197116852
-0.4076555371284485
-0.4230000972747803
-0.4348885416984558
-0.43091481924057007
-0.4669077396392822
-0.46856963634490967
-0.46984297037124634
-0.498197466135025
-0.4847625494003296
-0.5141540765762329
-0.5046665072441101
-0.5109283328056335
-0.5249708294868469
-0.5329474806785583
-0.5443146824836731
-0.5479119420051575
-0.5718133449554443
-0.5816311836242676
-0.5902785062789917
-0.6017418503761292
-0.5989866852760315
-0.6170271039009094
-0.6211166381835938
-0.5989450812339783
-0.6280772686004639
-0.6303857564926147
-0.6639434099197388
-0.6658642888069153
-0.6747053265571594
-0.6711140871047974
-0.6796683669090271
-0.6742438673973083
-0.6979376077651978
-0.7107856869697571
-0.7072280645370483
-0.693690836429596
-0.7069128155708313
-0.7056293487548828
-0.7322537302970886
-0.7543450593948364
-0.7346965074539185
-0.7513537406921387
-0.7612072229385376
-0.7812105417251587
-0.749967634677887
-1.1214553117752075
-1.4673290252685547
-1.6137195825576782
-1.721959114074707
-1.835701584815979
-1.9201529026031494
-1.9891372919082642
-2.06442928314209
-2.142400026321411
-2.202341318130493
-2.2779643535614014
-2.348853349685669
-2.380737781524658
-2.4400267601013184
-2.5065245628356934
-2.5482277870178223
-2.6295483112335205
-2.654815912246704
-2.721846342086792
-2.7316410541534424
-2.8146066665649414
-2.8166861534118652
-2.8718926906585693
-2.9019432067871094
-2.94179368019104
-2.987791061401367
-3.0111093521118164
-3.070537567138672
-3.0764052867889404
-3.1011977195739746
-3.120659351348877
-3.1455938816070557
-3.202322006225586
-3.1770131587982178
-3.2574410438537598
-3.2942535877227783
-3.29384446144104
-3.3015265464782715
-3.342085361480713
-3.3347060680389404
-3.364436626434326
-3.3632233142852783
-3.4051620960235596
-3.41377329826355
-3.417727470397949
-3.4602301120758057
-3.487433433532715
-3.506220579147339
-3.5267248153686523
