253.16019940376282
221.32590866088867
218.3078498840332
216.14812850952148
214.28837871551514
212.66000032424927
210.66131401062012
209.48911261558533
208.38383531570435
207.29732537269592
206.58937013149261
205.47121596336365
205.2472631931305
204.2657412290573
203.70082187652588
203.23336720466614
202.83178198337555
202.5346839427948
202.1501317024231
202.09041798114777
201.3245745897293
201.00685513019562
200.2390420436859
200.39493012428284
200.22570419311523
199.98939716815948
199.31919860839844
199.11268305778503
198.6775997877121
198.56012880802155
198.47400879859924
197.96319723129272
197.65644550323486
197.07228350639343
197.4253021478653
197.17560815811157
197.16293215751648
196.21090006828308
196.07828295230865
196.04461407661438
195.91107881069183
195.87046229839325
195.446772813797
194.92698311805725
195.2441943883896
194.87681829929352
194.13928365707397
194.36311602592468
194.4873902797699
194.0894764661789
193.90787935256958
193.4300889968872
193.5402591228485
193.50929415225983
193.14858770370483
193.31725347042084
193.1841095685959
192.38709425926208
192.76593112945557
192.3616602420807
191.83955371379852
191.56239187717438
191.37405610084534
191.55967712402344
191.34148490428925
191.21954917907715
190.86549854278564
190.87141299247742
190.6933399438858
190.6660373210907
190.46287274360657
190.61075353622437
189.84513676166534
189.86738061904907
189.78531646728516
189.81664979457855
189.4672852754593
189.42724180221558
189.21502423286438
188.94433677196503
188.78143978118896
188.48350918293
188.60521471500397
188.21446883678436
188.23683655261993
188.04011940956116
187.63959920406342
187.61099863052368
187.36069226264954
187.0385091304779
187.24572575092316
186.8100484609604
187.02773475646973
186.67268455028534
186.54624557495117
186.31362283229828
186.08988440036774
186.16728961467743
185.92340230941772
185.77602982521057
185.31190466880798
184.0059416294098
183.75476121902466
183.40352082252502
183.2740956544876
183.42674136161804
183.44476413726807
183.23177218437195
183.2650271654129
183.1691735982895
182.96742129325867
183.15212845802307
183.00794529914856
182.93744158744812
182.95832753181458
182.87635695934296
183.02108097076416
183.1206030845642
182.84197211265564
182.76951801776886
183.00499498844147
182.63709020614624
183.00627028942108
182.88558387756348
182.89157152175903
182.4847767353058
183.0187530517578
182.77563846111298
182.60422337055206
182.75050592422485
182.51225328445435
182.59176802635193
182.6340514421463
182.58039021492004
182.63742434978485
182.47138857841492
182.47642874717712
182.55725145339966
182.53317308425903
182.3472820520401
182.30014634132385
182.58604443073273
181.72215294837952
182.34255135059357
182.15493881702423
182.4566398859024
182.37470948696136
182.2247771024704
182.62506937980652
182.3169664144516
