2.716
6.994
9.272
10.55
11.214
12.572
12.938
14.424
14.968
15.752
16.392
16.246
17.108
17.084
17.246
17.536
18.11
18.388
18.532
19.364
19.194
19.66
19.128
19.822
20.188
20.474
20.25
20.762
20.882
21.142
21.314
21.204
21.602
21.284
21.91
22.188
22.386
21.874
22.162
22.644
23.226
23.48
23.024
22.956
23.672
23.278
23.244
23.802
23.852
23.946
24.322
24.338
24.512
24.788
24.766
25.26
25.248
25.024
25.388
25.708
25.622
25.22
25.218
25.792
25.814
26.086
26.102
26.068
26.504
26.56
26.63
27.144
26.422
27.0
27.11
27.45
27.452
27.442
27.346
27.818
27.788
27.726
27.958
27.982
28.552
28.352
27.718
28.684
28.626
28.492
29.058
29.104
28.972
28.924
28.972
29.208
29.142
29.398
29.37
29.376
29.4
29.774
29.43
29.47
29.222
29.404
29.51
29.452
29.54
29.442
29.388
29.356
29.262
29.176
29.616
29.39
29.58
29.588
29.604
29.638
29.574
29.584
29.744
29.764
29.806
29.688
29.694
29.846
29.586
29.664
29.36
29.85
29.612
29.51
29.946
29.808
29.614
30.124
29.826
29.652
29.772
29.976
29.428
29.794
30.042
30.002
29.844
29.682
29.956
30.11
