0.7970066070556641
0.4108237028121948
0.41261813044548035
0.4246872365474701
0.4310404360294342
0.42438822984695435
0.423523485660553
0.4136542081832886
0.41629162430763245
0.4045262932777405
0.40262681245803833
0.40235140919685364
0.3968508839607239
0.3975459635257721
0.3910263478755951
0.3931761384010315
0.39301225543022156
0.39113011956214905
0.387376606464386
0.386976420879364
0.3774584233760834
0.3795768618583679
0.38369840383529663
0.3798433244228363
0.37768349051475525
0.3760865330696106
0.37807005643844604
0.3728100061416626
0.37600186467170715
0.3705956041812897
0.37193992733955383
0.37078428268432617
0.3667323887348175
0.3687736392021179
0.3683931231498718
0.36359718441963196
0.3626229166984558
0.36531686782836914
0.365999311208725
0.3606455624103546
0.3575863242149353
0.3577651083469391
0.35518500208854675
0.36014947295188904
0.3556252419948578
0.3573204576969147
0.35481131076812744
0.3535028398036957
0.3550921678543091
0.351210355758667
0.3478444516658783
0.34777769446372986
0.35004672408103943
0.351399302482605
0.346440851688385
0.34565049409866333
0.34479811787605286
0.3413888216018677
0.34335458278656006
0.33842983841896057
0.3419105112552643
0.34385251998901367
0.3439858555793762
0.34126219153404236
0.3403499722480774
0.3373751640319824
0.33810171484947205
0.33898767828941345
0.3388257920742035
0.33712777495384216
0.3374139070510864
0.3325929343700409
0.3341435492038727
0.3330073058605194
0.33399203419685364
0.33083391189575195
0.3327212929725647
0.3316537141799927
0.3314749300479889
0.3318735659122467
0.328154981136322
0.3309851884841919
0.328309029340744
0.32699936628341675
0.32475027441978455
0.3240697979927063
0.32671794295310974
0.32220974564552307
0.3234685957431793
0.3242333233356476
0.3218441605567932
0.3194960355758667
0.32177019119262695
0.32226067781448364
0.3185711205005646
0.3206622302532196
0.3173627257347107
0.31866878271102905
0.3163681924343109
0.3185960352420807
0.31659096479415894
0.3083726465702057
0.30933576822280884
0.30891144275665283
0.307253360748291
0.30991867184638977
0.310630738735199
0.31017813086509705
0.30888858437538147
0.31042107939720154
0.30947163701057434
0.31074419617652893
0.311292827129364
0.3120260536670685
0.3098584711551666
0.31156036257743835
0.30956053733825684
0.3110378384590149
0.30967092514038086
0.31015220284461975
0.31232255697250366
0.3107481002807617
0.310884565114975
0.3105546832084656
0.3103429079055786
0.31045985221862793
0.3129713535308838
0.3111386299133301
0.3105781674385071
0.31126248836517334
0.31007516384124756
0.30916905403137207
0.30988436937332153
0.3105164170265198
0.3102806806564331
0.31070831418037415
0.3104853630065918
0.3091130256652832
0.3114981949329376
0.3099655210971832
0.31010374426841736
0.31099310517311096
0.307853102684021
0.31174468994140625
0.3093458116054535
0.30961862206459045
0.30948108434677124
0.30936330556869507
0.31170132756233215
0.31044450402259827
