0.488345205783844
0.2659452259540558
0.2815195620059967
0.2887037396430969
0.2931806147098541
0.291361004114151
0.28511518239974976
0.28802478313446045
0.28113746643066406
0.27548736333847046
0.2674107253551483
0.2502995729446411
0.25392332673072815
0.24947002530097961
0.24471017718315125
0.23592324554920197
0.23298142850399017
0.23410852253437042
0.22672423720359802
0.222371444106102
0.21635378897190094
0.21883758902549744
0.21123500168323517
0.2074778974056244
0.20279711484909058
0.20541153848171234
0.20191256701946259
0.20227980613708496
0.19632892310619354
0.1951208859682083
0.18981637060642242
0.18818224966526031
0.19221067428588867
0.18409481644630432
0.18029938638210297
0.18325181305408478
0.18199796974658966
0.17643539607524872
0.17575374245643616
0.17628774046897888
0.17374461889266968
0.17007189989089966
0.17145465314388275
0.16819888353347778
0.1677575707435608
0.16953739523887634
0.16504037380218506
0.16189448535442352
0.16379347443580627
0.16156545281410217
0.16156511008739471
0.15809409320354462
0.1584598422050476
0.15390849113464355
0.15391001105308533
0.1520618498325348
0.15072928369045258
0.15069295465946198
0.14717242121696472
0.15439708530902863
0.14422112703323364
0.1455058455467224
0.1435481607913971
0.14454104006290436
0.14064626395702362
0.1394364982843399
0.13648438453674316
0.13499557971954346
0.13938066363334656
0.13287921249866486
0.13576237857341766
0.13274329900741577
0.13125570118427277
0.1303049623966217
0.12810583412647247
0.13213402032852173
0.12199348211288452
0.1257455199956894
0.12003868073225021
0.12138873338699341
0.11735176295042038
0.11692589521408081
0.11896484345197678
0.10905579477548599
0.10841858386993408
0.12067830562591553
0.12915751338005066
0.11874991655349731
0.1367175430059433
0.12742044031620026
0.14120231568813324
0.14866003394126892
0.14126528799533844
0.13526548445224762
0.07993525266647339
0.1168036013841629
0.15134382247924805
0.0960056260228157
0.14496520161628723
0.1077074259519577
0.13006195425987244
0.09372060745954514
0.06610123068094254
0.0591181218624115
0.04864094406366348
0.04664703458547592
0.04309189319610596
0.04396085441112518
0.04090964049100876
0.04122023656964302
0.0389610193669796
0.034184377640485764
0.035626813769340515
0.04225044697523117
0.03303234279155731
0.030836986377835274
0.03201472759246826
0.024739867076277733
0.028838682919740677
0.01989489048719406
0.022193051874637604
0.021314209327101707
0.012690315023064613
0.016100479289889336
0.014774621464312077
0.014994530007243156
0.011721990071237087
0.012668275274336338
0.010594623163342476
0.009527859278023243
0.011542977765202522
0.008027816191315651
0.003930391278117895
0.003834401722997427
0.00481955474242568
0.0017232313985005021
0.008262623101472855
0.01167853083461523
0.001127295894548297
0.005827037151902914
-0.003093771170824766
-0.005136136431246996
0.00029646404436789453
-0.0034299700055271387
-0.00747790839523077
-0.00666801119223237
-0.005727019160985947
-0.010327097959816456
-0.004434425849467516
-0.014367349445819855
-0.010282248258590698
