18.412
26.402
29.5
32.492
34.776
36.564
38.594
39.864
41.206
42.532
43.962
44.4
45.602
46.264
47.0
47.592
47.994
48.77
49.294
49.936
49.996
50.714
51.532
51.72
51.994
52.612
52.754
53.066
53.742
53.908
54.326
54.8
55.014
55.236
55.664
56.022
56.08
56.628
56.682
57.026
57.272
57.59
57.682
58.066
58.116
58.228
58.528
58.57
59.244
59.33
59.858
59.554
59.864
60.15
60.54
60.902
60.934
60.64
60.896
61.268
61.146
61.354
61.786
62.056
61.974
62.244
62.53
62.718
62.43
62.71
63.196
63.1
63.116
63.236
63.838
63.914
64.034
64.052
64.204
64.33
64.47
64.49
64.754
65.106
64.628
64.774
65.312
65.414
65.1
65.798
65.6
65.636
65.856
66.09
66.202
65.912
66.178
66.198
66.312
66.61
74.802
77.854
78.962
79.802
80.69
81.324
81.63
82.178
82.716
83.308
83.582
83.798
84.302
84.748
85.076
85.462
85.748
85.902
86.08
86.572
86.774
86.954
87.366
87.7
87.834
88.132
87.784
88.428
88.542
88.474
88.846
89.106
89.04
89.134
89.592
89.408
89.714
89.48
89.734
89.872
89.974
90.012
90.254
90.478
90.4
90.726
90.578
90.584
90.648
90.416
