440.9726892709732
393.20980203151703
377.2901998758316
363.61138582229614
351.80436396598816
342.3447859287262
332.8890472650528
324.17462134361267
316.94914066791534
309.77247309684753
303.6837384700775
299.47792887687683
293.4189908504486
290.06394946575165
285.180770277977
282.4348478317261
278.60061502456665
275.5252352952957
273.11529982089996
268.9349720478058
268.1049134731293
264.4771376848221
261.14678633213043
259.2151081562042
257.2883675098419
254.37110364437103
252.76394128799438
250.10564720630646
247.52875578403473
245.9476010799408
244.3765001296997
241.67141580581665
240.7247383594513
238.65426588058472
236.87275612354279
234.62201982736588
234.12326228618622
231.54246854782104
231.30947887897491
228.70319837331772
226.76048302650452
226.46539103984833
224.7449277639389
223.57977676391602
222.33903044462204
221.03535968065262
219.94838047027588
219.36996430158615
216.30770510435104
216.20946490764618
