-0.37268685520841527
-0.7955745660341703
-0.9868996766897348
-1.1928046981493632
-1.3625594952167608
-1.4640801215783144
-1.6194844490442522
-1.7516560517824613
-1.8571156605696066
-1.935673526617197
-2.067902066768744
-2.088388465001033
-2.2572489151587853
-2.2851234423808564
-2.3708545049031575
-2.4057537366182378
-2.4816208717150565
-2.5465779928060677
-2.566402926811805
-2.665904563512558
-2.6598997947497245
-2.757562593313364
-2.8058768186813747
-2.8430684908842427
-2.9044954165434227
-2.9235184693947818
-2.969790064982879
-3.009719591874343
-3.0647993099995148
-3.125623739682711
-3.146125899828397
-3.181862848232954
-3.21538527684334
-3.277314210549379
-3.310535430908203
-3.3681479185055463
-3.370062938103309
-3.426418926776984
-3.4420228958129884
-3.4828681505643404
-3.5423001570579333
-3.563653664711194
-3.560203492335784
-3.6602313494070984
-3.646642230107234
-3.6353532020862285
-3.691102106143267
-3.724416551834498
-3.7446246795165234
-3.7772615677271135
