239.76965475082397
212.02370381355286
204.21750962734222
198.50813174247742
193.6588110923767
190.0563279390335
185.67225897312164
182.25492870807648
178.8269658088684
175.48203074932098
172.00932443141937
168.7632908821106
165.6553394794464
162.19423365592957
160.51863074302673
156.98345577716827
154.80622732639313
152.8367464542389
150.71354138851166
148.86220037937164
146.37968397140503
144.80417954921722
143.38188183307648
141.48548579216003
140.2531349658966
138.79222071170807
137.3068196773529
135.8785856962204
134.93884217739105
133.56523382663727
132.21751165390015
130.6912521123886
129.99900424480438
128.80781662464142
127.9026790857315
127.31925773620605
125.83683395385742
124.63471984863281
124.57076060771942
123.4229508638382
122.44936811923981
121.71839773654938
121.8300746679306
119.94462132453918
119.02786839008331
119.10638976097107
118.40003633499146
117.32128572463989
117.36231362819672
116.14943599700928
115.58995389938354
115.12809383869171
113.93386912345886
112.91045796871185
113.33414256572723
112.35319232940674
111.96121871471405
110.94240909814835
110.60128712654114
109.93732285499573
110.13017201423645
108.90483248233795
109.33150732517242
108.59408622980118
107.53699481487274
106.97328066825867
106.93281322717667
106.79851794242859
105.95399004220963
105.15804970264435
104.96323537826538
105.0455664396286
104.36546844244003
103.76652485132217
103.40607535839081
103.23592329025269
102.64214026927948
102.6804370880127
101.32220423221588
101.54212111234665
101.62163704633713
100.87083679437637
100.41880393028259
100.16703253984451
99.66204738616943
99.31752145290375
99.41966778039932
99.12115323543549
98.61589884757996
98.35093599557877
97.71571981906891
97.72924011945724
97.04227638244629
98.04974436759949
96.47632485628128
96.59718489646912
96.76029670238495
96.36649578809738
95.68725627660751
95.6788529753685
95.22407841682434
78.20960760116577
68.98406821489334
65.41381233930588
63.12047606706619
60.884293258190155
59.08656430244446
57.621904134750366
56.40016061067581
55.22649663686752
53.82100999355316
52.70390057563782
51.54170060157776
50.907962530851364
49.830524772405624
48.89162930846214
48.22266238927841
47.2800118625164
46.56214618682861
45.87392544746399
44.76983022689819
44.49944049119949
43.9619637131691
43.064236015081406
42.57159134745598
42.10611119866371
41.43024471402168
40.797993928194046
40.425155609846115
39.64417591691017
39.656471967697144
39.31646487116814
38.79782882332802
38.20584264397621
37.26033303141594
37.07847645878792
36.881650775671005
36.64198398590088
36.1876023709774
36.136985659599304
35.58572253584862
35.45816144347191
35.09674048423767
35.180078595876694
34.74275782704353
34.33566772937775
34.12927010655403
33.711830735206604
33.56112989783287
33.318571746349335
