14.64
20.854
23.2
25.174
26.82
28.312
29.946
30.994
32.392
33.642
34.93
35.964
37.274
38.276
38.674
40.172
41.028
41.488
42.448
43.142
44.184
44.68
45.022
45.654
46.122
46.724
47.114
47.874
48.138
48.498
49.112
49.492
49.464
50.116
50.512
50.72
51.162
51.464
51.596
51.822
52.404
52.254
52.258
53.018
53.192
53.516
53.342
53.936
53.84
54.164
54.35
54.578
54.976
55.228
55.018
55.416
55.532
55.838
55.886
56.218
55.874
56.57
56.504
56.454
56.822
57.104
56.982
57.166
57.25
57.612
57.762
57.604
57.544
58.278
57.974
58.094
58.382
58.26
58.962
58.798
58.502
59.076
59.206
59.126
59.072
59.432
59.36
59.284
59.702
59.7
59.71
59.848
60.406
59.646
60.204
60.382
60.134
60.308
60.578
60.452
60.616
68.304
71.176
72.178
72.83
73.782
74.576
75.072
75.496
75.978
76.488
77.07
77.438
77.746
78.092
78.548
78.648
79.104
79.51
79.706
80.308
80.456
80.574
80.806
81.066
81.406
81.7
82.014
82.108
82.496
82.42
82.452
82.682
82.988
83.22
83.61
83.666
83.618
83.902
84.026
84.336
84.204
84.306
84.372
84.508
84.71
84.874
85.098
85.066
85.078
